"scale_views" "num_factor" "spikeslab_weights" "mean_sil_score" "min_sil_score" "max_sil_score" "dunn" "mofa_knn_acc" "mofa_knn_acc_bal" "mofa_rmse" "time_integration" "imputation_time"
"elapsed" TRUE 10 TRUE 0.452840611843044 -0.362006995070143 0.957254001109221 9.23355881297482e-05 0.901315789473684 0.833861371849587 0.886099560251483 85.3559999999998 0.184999999999945
"elapsed1" FALSE 10 TRUE 0.454676698200456 -0.396915562141569 0.949709989587897 0.000186758916818778 0.903309409888357 0.8306067281268 0.885381490928959 92.5320000000002 0.172999999999774
"elapsed2" TRUE 15 TRUE 0.460301456297622 -0.37343996167463 0.969061610624835 1.73010126208585e-05 0.906299840510367 0.8731168030871 0.884989331714652 89.1030000000001 0.228999999999814
"elapsed3" FALSE 15 TRUE 0.444704208393087 -0.245913203870869 0.961086865522066 0.000258048085532136 0.900717703349282 0.865333773820609 0.885179440033875 90.9650000000001 0.177000000000135
"elapsed4" TRUE 20 TRUE 0.442438897578961 -0.20344074323018 0.961311824941975 9.24837767881443e-05 0.896730462519936 0.851321787281243 0.880637571553475 123.938 0.182999999999993
"elapsed5" FALSE 20 TRUE 0.438281259998482 -0.540669936392283 0.974315849946275 0.000112435946471837 0.894736842105263 0.832189438212073 0.881106863137061 106.245 0.221000000000458
"elapsed6" TRUE 30 TRUE 0.408076221626015 -0.200026507319911 0.976597605655154 0.000102515722082198 0.885566188197767 0.842629373514053 0.874885597776549 160.533 0.226999999999862
"elapsed7" FALSE 30 TRUE 0.447533100654604 -0.301770311115637 0.980023666735295 3.95272261641072e-05 0.886762360446571 0.835186606540898 0.875998809152559 166.935 0.23700000000008
"elapsed8" TRUE 40 TRUE 0.42270963422919 -0.277762113876475 0.974656349511443 5.55934645248839e-05 0.891148325358852 0.858838811980657 0.874295255721919 242.755 0.233000000000175
"elapsed9" FALSE 40 TRUE 0.43260155294656 -0.297854600784184 0.974843390885141 4.34470465654323e-05 0.890151515151515 0.848483159980115 0.876488258671696 206.203 0.220999999999549
"elapsed10" TRUE 50 TRUE 0.428010671917759 -0.27095875721543 0.978787502086404 5.37666468766261e-05 0.880980861244019 0.843854894025027 0.873150592994061 358.471 0.226999999999862
"elapsed11" FALSE 50 TRUE 0.446272634507261 -0.317440921435607 0.975587309451451 7.20806965114833e-05 0.890749601275917 0.84414966659345 0.876279448394458 306.121 0.22400000000016
"elapsed12" TRUE 60 TRUE 0.442533393056345 -0.325247508377459 0.974154337634746 6.43620240951488e-05 0.883572567783094 0.855128480183707 0.873578682283215 431.209 0.203999999999724
"elapsed13" FALSE 60 TRUE 0.43176164633287 -0.301771006553222 0.961579234678042 8.40140658539908e-05 0.895334928229665 0.850466296731514 0.876610411137833 355.954 0.212999999999738
"elapsed14" TRUE 70 TRUE 0.42556053858977 -0.422278372633671 0.97668571143008 1.512337029731e-05 0.885167464114832 0.847640688303231 0.873004194900156 457.461 0.205000000000837
"elapsed15" FALSE 70 TRUE 0.442061232700383 -0.184870648387449 0.977317316057813 0.000210270142795835 0.893540669856459 0.851617306273622 0.876458069901832 489.603 0.222999999999956
"elapsed16" TRUE 10 FALSE 0.458848262092694 -0.367008904148152 0.955058078828739 0.000156362282701146 0.902113237639553 0.835532523801474 0.88469083370783 108.56 0.220000000000255
"elapsed17" FALSE 10 FALSE 0.450861585207822 -0.33443493697563 0.937400241305496 5.06912510596899e-05 0.90530303030303 0.842693992406198 0.885715360443809 89.366 0.182999999999083
"elapsed18" TRUE 15 FALSE 0.450082742623497 -0.256725945739089 0.964110060169407 1.19794015298787e-05 0.902511961722488 0.847661824727408 0.885713411840338 110.366 0.180000000000291
"elapsed19" FALSE 15 FALSE 0.444194768115111 -0.313465989693332 0.963712576403063 4.8666316939625e-05 0.90011961722488 0.852438531050982 0.885419371477762 102.469999999999 0.174000000000888
"elapsed20" TRUE 20 FALSE 0.447999466908805 -0.214647396064037 0.979780868102883 0.000167801214696863 0.8957336523126 0.846845142901722 0.877547499938448 155.224 0.176000000001295
"elapsed21" FALSE 20 FALSE 0.43322841508131 -0.203687288914146 0.967022720079772 0.000101276515933051 0.888556618819777 0.840431322865718 0.875332823957946 156.402 0.179000000000087
"elapsed22" TRUE 30 FALSE 0.426431929016577 -0.387272786699546 0.970369922409774 0.000101896661230325 0.889952153110048 0.852247373335086 0.873698943142399 192.222 0.191999999999098
"elapsed23" FALSE 30 FALSE 0.43135920150589 -0.366691045391528 0.970673808606628 7.8889939286283e-05 0.878588516746411 0.849671551976442 0.873199140973171 200.487999999999 0.183999999999287
"elapsed24" TRUE 40 FALSE 0.423355027074617 -0.220637229807249 0.975590616648713 0.00012872933194818 0.876794258373206 0.845695033757468 0.873358626667914 262.104000000001 0.191999999999098
"elapsed25" FALSE 40 FALSE 0.412657553408303 -0.345621244739038 0.960620241988504 6.84467236237746e-05 0.889553429027113 0.853126802478625 0.873204852465427 231.641 0.204999999999927
"elapsed26" TRUE 50 FALSE 0.420991736880612 -0.207188919620202 0.94739971954514 0.000102927299730605 0.879784688995215 0.842288224376328 0.873352836880638 320.116 0.222999999999956
"elapsed27" FALSE 50 FALSE 0.424810651494103 -0.274602784026964 0.981549435122565 2.71442677679284e-05 0.881379585326954 0.84691793102827 0.873187989456697 319.579 0.220999999999549
"elapsed28" TRUE 60 FALSE 0.41964507700237 -0.221275230934548 0.948764916510637 6.48196829537347e-05 0.879585326953748 0.841342626420276 0.873131412123984 386.254999999999 0.213999999999942
"elapsed29" FALSE 60 FALSE 0.427412420487882 -0.244126123939701 0.967767792061944 2.5170247040733e-05 0.881180223285486 0.857318380033528 0.873243090052881 310.780999999999 0.228000000000975
"elapsed30" TRUE 70 FALSE 0.400084666314496 -0.346068835053283 0.956165827797095 8.63235129332106e-05 0.880382775119617 0.839776393523754 0.873552357518402 442.942999999999 0.210999999999331
"elapsed31" FALSE 70 FALSE 0.431028572463955 -0.259749717078594 0.980829144683129 9.55932585737271e-05 0.887161084529506 0.854453462684241 0.87326575728159 394.457 0.22400000000016
